正在处理维度 2 (1/9)
Iter	RelChange	Stress
1	0.289294	0.366811
100	0.000181	0.284815
200	0.000008	0.284815
300	0.000002	0.284815
327	0.000001	0.284815
Classic Sammon MDS converged at iteration 327
Iter	RelChange	Trunc%
1	0.186738	89.06%
100	0.000892	76.60%
200	0.000641	76.58%
300	0.001104	76.63%
400	0.000167	76.59%
500	0.000073	76.60%
600	0.000032	76.60%
Outer	Inner	RelChange	Threshold	Trunc%
1	20	0.626158	1.561138	0.00%
2	20	0.074427	1.240465	0.00%
3	20	0.041835	1.239906	0.00%
4	20	0.010699	1.239345	0.00%
5	20	0.004988	1.240091	0.00%
6	20	0.002432	1.239715	0.00%
7	20	0.000760	1.240001	0.00%
8	20	0.000431	1.240017	0.00%
9	20	0.000288	1.239969	0.00%
10	20	0.000201	1.239995	0.00%
11	20	0.000141	1.240020	0.00%
12	20	0.000101	1.240044	0.00%
13	20	0.000072	1.239992	0.00%
14	20	0.000051	1.239987	0.00%
15	20	0.000037	1.240004	0.00%
16	20	0.000026	1.240016	0.00%
17	7	0.000007	1.240024	0.00%
18	1	0.000001	1.240027	0.00%
IRLS Sammon MDS converged at outer iteration 18
维度 2 完成：Classic stress=0.284815, Huber stress=0.347664, IRLS stress=0.284815
结果已更新到 /home/wangzezhen/ShenRuihong/corr_principal_validation/BIC_pipeline/code/fly_aggregateed_by_more_cell_type_nm_2_10_results.mat
正在处理维度 3 (2/9)
Iter	RelChange	Stress
1	0.302534	0.288019
100	0.002551	0.225488
200	0.000367	0.225335
300	0.000457	0.225318
400	0.000143	0.225307
500	0.000102	0.225306
600	0.000092	0.225304
Iter	RelChange	Trunc%
1	0.206273	78.71%
100	0.000592	61.12%
200	0.000209	61.17%
300	0.000192	61.19%
400	0.000099	61.20%
500	0.000053	61.21%
600	0.000027	61.21%
Outer	Inner	RelChange	Threshold	Trunc%
1	20	0.550921	0.737209	0.00%
2	20	0.075678	0.569742	0.00%
3	20	0.044515	0.571150	0.00%
4	20	0.041082	0.572454	0.00%
5	20	0.045769	0.573676	0.00%
6	20	0.041985	0.573834	0.00%
7	20	0.017693	0.573863	0.00%
8	20	0.010913	0.574014	0.00%
9	20	0.008694	0.574020	0.00%
10	20	0.007655	0.574112	0.00%
11	20	0.007109	0.574155	0.00%
12	20	0.006824	0.574378	0.00%
13	20	0.006806	0.574426	0.00%
14	20	0.007524	0.574502	0.00%
15	20	0.008945	0.574669	0.00%
16	20	0.008602	0.574897	0.00%
17	20	0.007133	0.574935	0.00%
18	20	0.005578	0.574995	0.00%
19	20	0.004252	0.574889	0.00%
20	20	0.003240	0.574938	0.00%
21	20	0.002527	0.574990	0.00%
22	20	0.002063	0.574954	0.00%
23	20	0.001803	0.574903	0.00%
24	20	0.001732	0.574887	0.00%
25	20	0.001881	0.574910	0.00%
26	20	0.002346	0.575019	0.00%
27	20	0.003097	0.575058	0.00%
28	20	0.003487	0.575048	0.00%
29	20	0.003024	0.575044	0.00%
30	20	0.002209	0.575035	0.00%
31	20	0.001497	0.575006	0.00%
32	20	0.000994	0.575031	0.00%
33	20	0.000670	0.575060	0.00%
34	20	0.000474	0.575076	0.00%
35	20	0.000360	0.575058	0.00%
36	20	0.000296	0.575074	0.00%
37	20	0.000260	0.575076	0.00%
38	20	0.000236	0.575079	0.00%
39	20	0.000219	0.575079	0.00%
40	20	0.000205	0.575090	0.00%
41	20	0.000192	0.575090	0.00%
42	20	0.000180	0.575089	0.00%
43	20	0.000169	0.575089	0.00%
44	20	0.000159	0.575093	0.00%
45	20	0.000149	0.575093	0.00%
46	20	0.000140	0.575093	0.00%
47	20	0.000132	0.575102	0.00%
48	20	0.000124	0.575107	0.00%
49	20	0.000117	0.575115	0.00%
50	20	0.000110	0.575115	0.00%
维度 3 完成：Classic stress=0.225304, Huber stress=0.262784, IRLS stress=0.225304
结果已更新到 /home/wangzezhen/ShenRuihong/corr_principal_validation/BIC_pipeline/code/fly_aggregateed_by_more_cell_type_nm_2_10_results.mat
正在处理维度 4 (3/9)
Iter	RelChange	Stress
1	0.308445	0.244627
100	0.001167	0.188034
200	0.000668	0.187966
300	0.000117	0.187945
400	0.000052	0.187944
500	0.000030	0.187944
600	0.000020	0.187944
Iter	RelChange	Trunc%
1	0.222900	64.37%
100	0.001036	51.58%
200	0.000403	51.61%
300	0.000163	51.59%
400	0.000099	51.59%
500	0.000059	51.58%
600	0.000032	51.58%
Outer	Inner	RelChange	Threshold	Trunc%
1	20	0.534841	0.440948	0.00%
2	20	0.080929	0.343587	0.00%
3	20	0.046126	0.344475	0.00%
4	20	0.035447	0.345083	0.00%
5	20	0.028605	0.345948	0.00%
6	20	0.018023	0.346216	0.00%
7	20	0.012066	0.346443	0.00%
8	20	0.009771	0.346604	0.00%
9	20	0.010342	0.346600	0.00%
10	20	0.013007	0.346735	0.00%
11	20	0.011716	0.346847	0.00%
12	20	0.007715	0.346868	0.00%
13	20	0.004825	0.346913	0.00%
14	20	0.003381	0.347030	0.00%
15	20	0.002611	0.346952	0.00%
16	20	0.002118	0.346965	0.00%
17	20	0.001762	0.346991	0.00%
18	20	0.001490	0.347000	0.00%
19	20	0.001277	0.347049	0.00%
20	20	0.001107	0.347052	0.00%
21	20	0.000971	0.347053	0.00%
22	20	0.000860	0.347058	0.00%
23	20	0.000768	0.347043	0.00%
24	20	0.000692	0.347026	0.00%
25	20	0.000628	0.347029	0.00%
26	20	0.000573	0.347039	0.00%
27	20	0.000526	0.347051	0.00%
28	20	0.000486	0.347061	0.00%
29	20	0.000450	0.347063	0.00%
30	20	0.000418	0.347046	0.00%
31	20	0.000390	0.347042	0.00%
32	20	0.000365	0.347039	0.00%
33	20	0.000343	0.347042	0.00%
34	20	0.000322	0.347061	0.00%
35	20	0.000304	0.347062	0.00%
36	20	0.000288	0.347072	0.00%
37	20	0.000273	0.347066	0.00%
38	20	0.000260	0.347061	0.00%
39	20	0.000248	0.347056	0.00%
40	20	0.000237	0.347074	0.00%
41	20	0.000228	0.347062	0.00%
42	20	0.000219	0.347064	0.00%
43	20	0.000212	0.347060	0.00%
44	20	0.000205	0.347054	0.00%
45	20	0.000199	0.347071	0.00%
46	20	0.000194	0.347077	0.00%
47	20	0.000189	0.347071	0.00%
48	20	0.000184	0.347061	0.00%
49	20	0.000180	0.347057	0.00%
50	20	0.000177	0.347069	0.00%
维度 4 完成：Classic stress=0.187944, Huber stress=0.204956, IRLS stress=0.187944
结果已更新到 /home/wangzezhen/ShenRuihong/corr_principal_validation/BIC_pipeline/code/fly_aggregateed_by_more_cell_type_nm_2_10_results.mat
正在处理维度 5 (4/9)
Iter	RelChange	Stress
1	0.319810	0.214500
100	0.000919	0.161703
200	0.000440	0.161635
300	0.000163	0.161623
400	0.000083	0.161622
500	0.000048	0.161621
600	0.000031	0.161621
Iter	RelChange	Trunc%
1	0.256376	52.11%
100	0.000967	41.76%
200	0.000360	41.74%
300	0.000160	41.73%
400	0.000090	41.72%
500	0.000062	41.72%
600	0.000048	41.72%
Outer	Inner	RelChange	Threshold	Trunc%
1	20	0.527109	0.312572	0.00%
2	20	0.070988	0.238801	0.00%
3	20	0.038962	0.239115	0.00%
4	20	0.026232	0.239457	0.00%
5	20	0.020234	0.239545	0.00%
6	20	0.016768	0.239670	0.00%
7	20	0.014594	0.239826	0.00%
8	20	0.013229	0.239887	0.00%
9	20	0.011684	0.239998	0.00%
10	20	0.009727	0.240086	0.00%
11	20	0.007840	0.240178	0.00%
12	20	0.006289	0.240221	0.00%
13	20	0.005097	0.240283	0.00%
14	20	0.004201	0.240318	0.00%
15	20	0.003524	0.240305	0.00%
16	20	0.003003	0.240347	0.00%
17	20	0.002592	0.240369	0.00%
18	20	0.002261	0.240364	0.00%
19	20	0.001988	0.240371	0.00%
20	20	0.001758	0.240410	0.00%
21	20	0.001563	0.240430	0.00%
22	20	0.001396	0.240431	0.00%
23	20	0.001251	0.240452	0.00%
24	20	0.001125	0.240443	0.00%
25	20	0.001016	0.240449	0.00%
26	20	0.000919	0.240469	0.00%
27	20	0.000835	0.240480	0.00%
28	20	0.000760	0.240479	0.00%
29	20	0.000695	0.240470	0.00%
30	20	0.000637	0.240482	0.00%
31	20	0.000586	0.240480	0.00%
32	20	0.000541	0.240466	0.00%
33	20	0.000501	0.240463	0.00%
34	20	0.000467	0.240459	0.00%
35	20	0.000436	0.240470	0.00%
36	20	0.000409	0.240470	0.00%
37	20	0.000385	0.240468	0.00%
38	20	0.000364	0.240471	0.00%
39	20	0.000345	0.240473	0.00%
40	20	0.000329	0.240475	0.00%
41	20	0.000315	0.240481	0.00%
42	20	0.000302	0.240485	0.00%
43	20	0.000290	0.240481	0.00%
44	20	0.000280	0.240471	0.00%
45	20	0.000271	0.240478	0.00%
46	20	0.000262	0.240475	0.00%
47	20	0.000254	0.240479	0.00%
48	20	0.000247	0.240479	0.00%
49	20	0.000241	0.240481	0.00%
50	20	0.000235	0.240480	0.00%
维度 5 完成：Classic stress=0.161621, Huber stress=0.168609, IRLS stress=0.161621
结果已更新到 /home/wangzezhen/ShenRuihong/corr_principal_validation/BIC_pipeline/code/fly_aggregateed_by_more_cell_type_nm_2_10_results.mat
正在处理维度 6 (5/9)
Iter	RelChange	Stress
1	0.322634	0.192267
100	0.000615	0.142607
200	0.000237	0.142587
300	0.000130	0.142583
400	0.000073	0.142582
500	0.000046	0.142582
600	0.000034	0.142581
Iter	RelChange	Trunc%
1	0.271648	40.37%
100	0.000737	30.54%
200	0.000343	30.54%
300	0.000200	30.55%
400	0.000135	30.54%
500	0.000097	30.54%
600	0.000073	30.54%
Outer	Inner	RelChange	Threshold	Trunc%
1	20	0.515624	0.238610	0.00%
2	20	0.064087	0.178872	0.00%
3	20	0.031983	0.178876	0.00%
4	20	0.020176	0.179022	0.00%
5	20	0.014229	0.179059	0.00%
6	20	0.010718	0.179142	0.00%
7	20	0.008463	0.179202	0.00%
8	20	0.006938	0.179206	0.00%
9	20	0.005862	0.179195	0.00%
10	20	0.005065	0.179185	0.00%
11	20	0.004442	0.179185	0.00%
12	20	0.003928	0.179176	0.00%
13	20	0.003485	0.179173	0.00%
14	20	0.003093	0.179146	0.00%
15	20	0.002746	0.179153	0.00%
16	20	0.002437	0.179155	0.00%
17	20	0.002164	0.179162	0.00%
18	20	0.001926	0.179198	0.00%
19	20	0.001718	0.179205	0.00%
20	20	0.001538	0.179207	0.00%
21	20	0.001384	0.179213	0.00%
22	20	0.001251	0.179222	0.00%
23	20	0.001138	0.179221	0.00%
24	20	0.001042	0.179210	0.00%
25	20	0.000960	0.179222	0.00%
26	20	0.000890	0.179221	0.00%
27	20	0.000831	0.179210	0.00%
28	20	0.000781	0.179213	0.00%
29	20	0.000739	0.179211	0.00%
30	20	0.000703	0.179209	0.00%
31	20	0.000672	0.179208	0.00%
32	20	0.000646	0.179215	0.00%
33	20	0.000624	0.179214	0.00%
34	20	0.000605	0.179214	0.00%
35	20	0.000588	0.179221	0.00%
36	20	0.000572	0.179224	0.00%
37	20	0.000559	0.179223	0.00%
38	20	0.000546	0.179224	0.00%
39	20	0.000535	0.179228	0.00%
40	20	0.000524	0.179229	0.00%
41	20	0.000513	0.179230	0.00%
42	20	0.000503	0.179229	0.00%
43	20	0.000493	0.179233	0.00%
44	20	0.000483	0.179237	0.00%
45	20	0.000474	0.179236	0.00%
46	20	0.000465	0.179237	0.00%
47	20	0.000456	0.179230	0.00%
48	20	0.000447	0.179236	0.00%
49	20	0.000439	0.179236	0.00%
50	20	0.000430	0.179234	0.00%
维度 6 完成：Classic stress=0.142581, Huber stress=0.145020, IRLS stress=0.142581
结果已更新到 /home/wangzezhen/ShenRuihong/corr_principal_validation/BIC_pipeline/code/fly_aggregateed_by_more_cell_type_nm_2_10_results.mat
正在处理维度 7 (6/9)
Iter	RelChange	Stress
1	0.323525	0.176029
100	0.001162	0.128387
200	0.000515	0.128284
300	0.000252	0.128263
400	0.000133	0.128258
500	0.000079	0.128257
600	0.000054	0.128256
Iter	RelChange	Trunc%
1	0.295143	29.79%
100	0.001201	19.43%
200	0.000563	19.43%
300	0.000286	19.42%
400	0.000174	19.42%
500	0.000122	19.42%
600	0.000090	19.41%
Outer	Inner	RelChange	Threshold	Trunc%
1	20	0.508274	0.189529	0.00%
2	20	0.071363	0.141717	0.00%
3	20	0.041528	0.141750	0.00%
4	20	0.030886	0.141745	0.00%
5	20	0.025218	0.141723	0.00%
6	20	0.021308	0.141738	0.00%
7	20	0.018067	0.141752	0.00%
8	20	0.015276	0.141772	0.00%
9	20	0.012968	0.141711	0.00%
10	20	0.011085	0.141687	0.00%
11	20	0.009527	0.141703	0.00%
12	20	0.008218	0.141731	0.00%
13	20	0.007111	0.141745	0.00%
14	20	0.006171	0.141739	0.00%
15	20	0.005372	0.141762	0.00%
16	20	0.004692	0.141765	0.00%
17	20	0.004112	0.141768	0.00%
18	20	0.003615	0.141731	0.00%
19	20	0.003190	0.141735	0.00%
20	20	0.002826	0.141716	0.00%
21	20	0.002513	0.141715	0.00%
22	20	0.002245	0.141688	0.00%
23	20	0.002015	0.141684	0.00%
24	20	0.001819	0.141665	0.00%
25	20	0.001650	0.141683	0.00%
26	20	0.001506	0.141681	0.00%
27	20	0.001382	0.141689	0.00%
28	20	0.001275	0.141706	0.00%
29	20	0.001184	0.141718	0.00%
30	20	0.001105	0.141717	0.00%
31	20	0.001037	0.141721	0.00%
32	20	0.000978	0.141722	0.00%
33	20	0.000927	0.141717	0.00%
34	20	0.000882	0.141721	0.00%
35	20	0.000843	0.141725	0.00%
36	20	0.000808	0.141728	0.00%
37	20	0.000778	0.141730	0.00%
38	20	0.000751	0.141726	0.00%
39	20	0.000727	0.141729	0.00%
40	20	0.000706	0.141725	0.00%
41	20	0.000686	0.141721	0.00%
42	20	0.000669	0.141720	0.00%
43	20	0.000653	0.141722	0.00%
44	20	0.000639	0.141722	0.00%
45	20	0.000625	0.141719	0.00%
46	20	0.000613	0.141720	0.00%
47	20	0.000602	0.141719	0.00%
48	20	0.000591	0.141716	0.00%
49	20	0.000581	0.141711	0.00%
50	20	0.000572	0.141707	0.00%
维度 7 完成：Classic stress=0.128256, Huber stress=0.128979, IRLS stress=0.128256
结果已更新到 /home/wangzezhen/ShenRuihong/corr_principal_validation/BIC_pipeline/code/fly_aggregateed_by_more_cell_type_nm_2_10_results.mat
正在处理维度 8 (7/9)
Iter	RelChange	Stress
1	0.325353	0.162948
100	0.000894	0.117309
200	0.000437	0.117253
300	0.000254	0.117237
400	0.000165	0.117232
500	0.000122	0.117229
600	0.000096	0.117227
Iter	RelChange	Trunc%
1	0.302786	21.37%
100	0.001075	10.65%
200	0.000446	10.64%
300	0.000273	10.64%
400	0.000184	10.64%
500	0.000130	10.64%
600	0.000095	10.64%
Outer	Inner	RelChange	Threshold	Trunc%
1	20	0.502041	0.155963	0.00%
2	20	0.067779	0.116769	0.00%
3	20	0.037464	0.116617	0.00%
4	20	0.025934	0.116530	0.00%
5	20	0.019887	0.116534	0.00%
6	20	0.016174	0.116474	0.00%
7	20	0.013664	0.116470	0.00%
8	20	0.011836	0.116427	0.00%
9	20	0.010411	0.116468	0.00%
10	20	0.009238	0.116492	0.00%
11	20	0.008234	0.116470	0.00%
12	20	0.007357	0.116468	0.00%
13	20	0.006587	0.116462	0.00%
14	20	0.005914	0.116459	0.00%
15	20	0.005328	0.116472	0.00%
16	20	0.004821	0.116458	0.00%
17	20	0.004386	0.116456	0.00%
18	20	0.004013	0.116456	0.00%
19	20	0.003693	0.116451	0.00%
20	20	0.003419	0.116456	0.00%
21	20	0.003182	0.116439	0.00%
22	20	0.002977	0.116442	0.00%
23	20	0.002799	0.116439	0.00%
24	20	0.002641	0.116436	0.00%
25	20	0.002501	0.116429	0.00%
26	20	0.002374	0.116439	0.00%
27	20	0.002259	0.116428	0.00%
28	20	0.002154	0.116424	0.00%
29	20	0.002057	0.116430	0.00%
30	20	0.001968	0.116423	0.00%
31	20	0.001885	0.116419	0.00%
32	20	0.001809	0.116415	0.00%
33	20	0.001738	0.116413	0.00%
34	20	0.001673	0.116415	0.00%
35	20	0.001613	0.116417	0.00%
36	20	0.001558	0.116414	0.00%
37	20	0.001507	0.116408	0.00%
38	20	0.001461	0.116396	0.00%
39	20	0.001419	0.116394	0.00%
40	20	0.001380	0.116393	0.00%
41	20	0.001344	0.116398	0.00%
42	20	0.001311	0.116403	0.00%
43	20	0.001280	0.116403	0.00%
44	20	0.001251	0.116400	0.00%
45	20	0.001224	0.116398	0.00%
46	20	0.001198	0.116399	0.00%
47	20	0.001173	0.116401	0.00%
48	20	0.001150	0.116404	0.00%
49	20	0.001127	0.116405	0.00%
50	20	0.001104	0.116405	0.00%
维度 8 完成：Classic stress=0.117227, Huber stress=0.117405, IRLS stress=0.117225
结果已更新到 /home/wangzezhen/ShenRuihong/corr_principal_validation/BIC_pipeline/code/fly_aggregateed_by_more_cell_type_nm_2_10_results.mat
正在处理维度 9 (8/9)
Iter	RelChange	Stress
1	0.326899	0.152288
100	0.000890	0.108504
200	0.000360	0.108453
300	0.000217	0.108441
400	0.000149	0.108437
500	0.000109	0.108434
600	0.000086	0.108433
Iter	RelChange	Trunc%
1	0.310740	14.49%
100	0.001039	4.94%
200	0.000362	4.95%
300	0.000192	4.96%
400	0.000129	4.96%
500	0.000097	4.96%
600	0.000078	4.97%
Outer	Inner	RelChange	Threshold	Trunc%
1	20	0.495415	0.130350	0.00%
2	20	0.071933	0.099081	0.00%
3	20	0.039868	0.098764	0.00%
4	20	0.027092	0.098654	0.00%
5	20	0.020165	0.098647	0.00%
6	20	0.015760	0.098585	0.00%
7	20	0.012718	0.098566	0.00%
8	20	0.010526	0.098561	0.00%
9	20	0.008907	0.098528	0.00%
10	20	0.007688	0.098502	0.00%
11	20	0.006751	0.098512	0.00%
12	20	0.006015	0.098491	0.00%
13	20	0.005422	0.098493	0.00%
14	20	0.004930	0.098502	0.00%
15	20	0.004512	0.098515	0.00%
16	20	0.004150	0.098504	0.00%
17	20	0.003832	0.098519	0.00%
18	20	0.003550	0.098526	0.00%
19	20	0.003298	0.098535	0.00%
20	20	0.003073	0.098522	0.00%
21	20	0.002870	0.098510	0.00%
22	20	0.002688	0.098518	0.00%
23	20	0.002524	0.098507	0.00%
24	20	0.002377	0.098501	0.00%
25	20	0.002244	0.098497	0.00%
26	20	0.002124	0.098500	0.00%
27	20	0.002016	0.098480	0.00%
28	20	0.001918	0.098487	0.00%
29	20	0.001829	0.098488	0.00%
30	20	0.001748	0.098492	0.00%
31	20	0.001674	0.098493	0.00%
32	20	0.001606	0.098485	0.00%
33	20	0.001544	0.098487	0.00%
34	20	0.001487	0.098490	0.00%
35	20	0.001433	0.098490	0.00%
36	20	0.001384	0.098485	0.00%
37	20	0.001338	0.098482	0.00%
38	20	0.001296	0.098482	0.00%
39	20	0.001256	0.098480	0.00%
40	20	0.001218	0.098479	0.00%
41	20	0.001183	0.098479	0.00%
42	20	0.001150	0.098485	0.00%
43	20	0.001119	0.098485	0.00%
44	20	0.001090	0.098485	0.00%
45	20	0.001063	0.098483	0.00%
46	20	0.001037	0.098486	0.00%
47	20	0.001012	0.098489	0.00%
48	20	0.000988	0.098492	0.00%
49	20	0.000966	0.098489	0.00%
50	20	0.000944	0.098490	0.00%
维度 9 完成：Classic stress=0.108433, Huber stress=0.108472, IRLS stress=0.108431
结果已更新到 /home/wangzezhen/ShenRuihong/corr_principal_validation/BIC_pipeline/code/fly_aggregateed_by_more_cell_type_nm_2_10_results.mat
正在处理维度 10 (9/9)
Iter	RelChange	Stress
1	0.330218	0.144575
100	0.000923	0.101395
200	0.000366	0.101340
300	0.000212	0.101328
400	0.000157	0.101323
500	0.000134	0.101320
600	0.000121	0.101318
Iter	RelChange	Trunc%
1	0.320078	9.65%
100	0.001050	1.88%
200	0.000389	1.88%
300	0.000213	1.88%
400	0.000151	1.88%
500	0.000121	1.88%
600	0.000101	1.88%
Outer	Inner	RelChange	Threshold	Trunc%
1	20	0.497286	0.115458	0.00%
2	20	0.073767	0.085933	0.00%
3	20	0.041141	0.085528	0.00%
4	20	0.028016	0.085461	0.00%
5	20	0.020886	0.085432	0.00%
6	20	0.016372	0.085368	0.00%
7	20	0.013239	0.085330	0.00%
8	20	0.010941	0.085320	0.00%
9	20	0.009203	0.085320	0.00%
10	20	0.007864	0.085320	0.00%
11	20	0.006822	0.085306	0.00%
12	20	0.006004	0.085291	0.00%
13	20	0.005355	0.085295	0.00%
14	20	0.004837	0.085304	0.00%
15	20	0.004419	0.085312	0.00%
16	20	0.004079	0.085308	0.00%
17	20	0.003799	0.085300	0.00%
18	20	0.003568	0.085298	0.00%
19	20	0.003375	0.085282	0.00%
20	20	0.003213	0.085290	0.00%
21	20	0.003076	0.085290	0.00%
22	20	0.002961	0.085285	0.00%
23	20	0.002862	0.085290	0.00%
24	20	0.002777	0.085275	0.00%
25	20	0.002704	0.085273	0.00%
26	20	0.002640	0.085281	0.00%
27	20	0.002584	0.085279	0.00%
28	20	0.002533	0.085280	0.00%
29	20	0.002486	0.085276	0.00%
30	20	0.002442	0.085274	0.00%
31	20	0.002399	0.085272	0.00%
32	20	0.002356	0.085271	0.00%
33	20	0.002313	0.085271	0.00%
34	20	0.002268	0.085266	0.00%
35	20	0.002222	0.085264	0.00%
36	20	0.002173	0.085261	0.00%
37	20	0.002122	0.085264	0.00%
38	20	0.002069	0.085262	0.00%
39	20	0.002014	0.085259	0.00%
40	20	0.001958	0.085268	0.00%
41	20	0.001900	0.085266	0.00%
42	20	0.001842	0.085262	0.00%
43	20	0.001783	0.085259	0.00%
44	20	0.001725	0.085256	0.00%
45	20	0.001667	0.085253	0.00%
46	20	0.001610	0.085246	0.00%
47	20	0.001554	0.085244	0.00%
48	20	0.001499	0.085244	0.00%
49	20	0.001446	0.085245	0.00%
50	20	0.001395	0.085247	0.00%
维度 10 完成：Classic stress=0.101318, Huber stress=0.101324, IRLS stress=0.101312
结果已更新到 /home/wangzezhen/ShenRuihong/corr_principal_validation/BIC_pipeline/code/fly_aggregateed_by_more_cell_type_nm_2_10_results.mat
